Puu'mmrruluus DU 1101101111 DE FLORENCE 13

semble 6611661666 166611 (166616 66661 1661 6666611116. 116616616
1616661661 66 166616 Patras 6 666 666666. Ala 116, 11 66 16666611
61 66166666 661 1611161666666661166 d'un 6666116 66116116. G’est
6611666661166611666616 66 gagner 166 (11666 6661 1666666661
uu peu 66 61661136 61 6611611611 6666 66 nouvelle dignito. 11 61611
aux 611666 6666166 66666111611 166 6166 6663616611 661116116,
11666616 sforza 6111166616 161166166616, qui, 661131, 6116166116
161661616666116166, 6666166, 616 66 16166161611616666. 1161611
661166166 66616116 6666 16 6666116 66 Β616. Nous u'avous 666 161
6 616161661 166 causes 616 6661116 166 6611661166 66 16 grande
lutto 61111616 6666 61 16 6666116, qui 6616166666 66 1131 6166161
66166161616661161161666 qu'en 1116116666 6611116 6616666161
166 efforts 66 666666 666 661116 666161111616161166 111666 ¹.
Les 666661611666, qui devorent 6666111 66 6666116 6611611616,
666161661 6166 6611666 66 1133. Α 66116 6616, 16 6666116 66 Β616
fit 661111 6661 (16661661166616 1666666 66 8666,11616166,6116
’ 6166166161 666 Augustius (16 1616661616, 616611 66 (1116616. 116
6661161661 euergiquomeut 16 66666 66 synode, declarant qu'il
61611 66666661 66 6666; 666 1616661661 Sigismond 61 166 6166
6616661616 princes 6611161666161 61616616666666; 666 166 111666
66 6661161661 1116166 grandes 1666661666.6’661661661 166 666616
166616616111661 61666666 6 Β616 666 616616 11616 6616611166
6666 16666 Isidore (plus 161616666661116111 6611666161 611666
6166666166. 16 6666116 616611166 1613661 61666 1166666, 16616
66166666 que 16 clergo grec 6161 6 Β616 166166 66661616 1116166.
1666661 66 161666-16, 1666116 61166 6161111616 6666166 6166
11636661161616111 1666666 666166 66 1616661661, 66661166 (16
66616361, (1611616666 (16161661. Au nom du 6666, christophe
Garatoni 666666111666 quo 16 6666116 161166616116661661166616;
66 666611 1661161 1616661661 66 Τ1661166666666616161. C'ost
16 moment 66 6116166 666611 666611116616 16666611161166 66116

16666611 6166616616 6116 16611636 66 1666 Poloologue 6666
Murio 1161116666, groco oux habiles 663661611666 66 Β66661166.
11 66611 616 6616616 666611661 6’66 6666661 66 6161666 6116111666 :
il 16616611 sons 66616 6 (16661661166616, 61 6666 6611666 66661

66116 6 661116 11666 66 666 661166 666166 661666 11 6666
66116 16661166 66 161666166166 1166116666 ².

1. 1611, 6661 16616 16 661116 qui 66 661616,161666616 666 6636666666
dtus 1161616, Histoire 666 concites, 1166. 66 16666 6616161111, 11616 11.
2. 1668666666, 6661. 11, 66. 21 616616.

 

