232 nunonis 1111 aussialou EN FAVEUR BE LA caelston

1911, 99 901991991 99 11999919, 991191991 19 10919-9919999111 adhe
9109 119 (11191199 11199 favour (19 19 910199119. 11919 AEneas 91911
habilement 91910119 199 91919199999 91 199 1191199999 (199 italicus,
Lorsqu'on 19919199 19 991199 qui contenuit 199 10199 9991919 1199
9911119991, 1119999 91911 9091 10111 91 6911199919 six 9991919991.
119 moment 119 109999εὲ1, lorsque 199 9911119991 9109191991991 a
1191119 10111 1991 919,10091111991(1010999,]991990-19 099099 a
AEneas‚ lui 110999 99 10119119 (19101119 9191119 119 19 19110 9999.
Β99991109 dut votor comme 999 colldgues. 11991911 999 11991991(
99 1911 (1919911099 pontificales ;1199 909191191 1999911 lui-mame,
ni 19119 1999911999 91919199.

AEneas 91Β99991109 91919111 999991199111199 19119 9091 9’99-
199111911 991 impossible (19 trouver deux hommes qui 99 1999991-
blant davantage 9911991 origine, 19919 1199119999, 191119 99991099,
191119 90911991911099 1999199. 1999911999 humble origine, hommes
nouveaux 1099 deux, 119 9910191991 991-11199199 991 1199 9191199
9911911999, 991999 longua 91 constante pratique (199 hommes et
(199 91191199119 091 109199 199 (99911199 du 11191019919,191991199
‚ 119 1191911199999, 19 1199999,19 1191191119, 19 seduction 91 lc
01191199 1199 0991919919 genic 1919911191 1990911. 119 99 09199991
199 11919919 : 910199 119 1199999191199 110191999,(19 9091191119 199
991119, (1919999901199 999199119111199 91 de 1091099199119 1999
1999999119 119 19 19919, 119 9199199991 9911019 (1919119919 1199919
991991919, dc suite 119119 10909191099.11999119111 les 999999 99
999919909 109 9199 09909999. Β99991109 99911991 (19110111 199
111999 99 9099119 (1911019999 91 devient cardinal do l'dgiise.
191199, 9019190 AEneas Sylvius, 9991919119 119 0099119 119 Bate,
s’attoche 9199 19111 a 1991901991 91 991( papas. 1199 19001191119
deux 9199919919 91 deux Eglises; 199119 1999109119 1119119119 111
91 1199999 11, Ν190199 V 9119911999919111 1110919199 du
moyen age 991 1991 111 9119911991991919 1019911999, ils sont 99
199919 19919911991101119199119 prognes. 119 19101199911991911199 91
1991110999919911-11191909 1911919919 991 19919 119119911099,19919
991119, 19919 9911919 119 manuscrits 91 1109119999 119 10919 90119.
9199 99 0911919 molonga 119 999911919910 91 999 9191991109111911
91191999 99 90191 999991 91 90911199 99119, 91 9091 (199 119999,
119091 1099 1199111991 99991991( 111991, 19 010199119, 191119 919·
9119919199 9911919911199191 9091 laquelle ils 19991991 presque 99
· 19911919. 119 199991911991 199 1191199 beneficos 91 109 dignitas
9191999,10111 cn donnant 191199191911999 119 11999919,11090191119

 

