388 6666661666 666166 ur urssuuou

seienee, 1116 dirige 666166 6666. Ρ661-66 (166166 qu’il ne 666
66666 6611 61 jour de 16666116166 regard ¹?»

Bessarion, qui 666661166616616166661 1161616166 (10616616
661 66616 chaque 666 (166 16666, 66666 16 6661166661616
jeter le 661 (16166666 16 6666116616 66666616, Β66666166 666
661161666 166 progres de Mahomet 616666661666 166 6611161616
661 (16661661 666 ardent (16616 (16 66666666 (16 1116116 : 666
666666 dans le golfe 16161666166166116616, 66666666 161661.
(1661 66 6666666 Demosthene, 66166661 jour 666 jour 16 marche
66 66661 (16 6616616616111666. G’est l’Itelie qu’il desire, 1116116
6611 666666,1116116 61 Rome (1661 il 66611666 166 6666. Oui
1666666666 d’y 6616661 Les 11611666 666661-116 66666 166 chiens
de 16 16116 661 6161661 (16 166166 166 1611166, (16 166166166 rerer,
61661 n’ont 6616166 1616166 16666 6 66666 (16 1666 (1666666611
1616166616 166 16666 666 mertile y 661 666 116116,116661(166
marine 61 (166 6616666 166 1616111666, 666 6616 (16 16 666, 6661
6616166661 166666 (16 6666166 6666 eux. 111616 166 Tur-es 6661
666 6666 6616 6666666 16666 166666611666166666666 perure·
66616 : les jauissaires 661166166661 61666 66 temps de 6616
66’6616666 (16 guerre 61 6666666661666116661166661. Maho-
66111666661166 1616666 66 66666 6666 danger, 61 11 6 16611
gagner 6 166 66616666. Bessarion indique tres-bien que le 661166
66 6661 conserver son empire 6666 1666661166, 6611 6666161116
bien (1661616666 66 666 perdre 16 6166 propre. 11 (166166 61
6666166 66116666 166 conditione d‘existenee 61 (16 (166616666-
6661 (166 11161 66666661 611116166 6116616 eur 16 66666616, qui
66 66 66666116166 6666611661 666 666 16 guerre. 66661666
6616666666166166 6111161666 6661-61166 66 danger perpetue] 6666
16 6616( generale. Avec 6116616616 6616( engendre 66666661666661
16 guerre. Les 1661166 66 6661 666 (166 166666, 61 166 166666 ne
peuvent 6166 666 (166 66111666 (1666661

La guerre 661 6666666166 6 Μ6166661 6666 6616616 (166616
16161116 666 611166 (11616 61666616616, 6666 16166 1666116666
6666616 (11166666, 6666 66666 66661 eux 1666666616 6116
1 division, pour conserver 1616616 61 666666616 66 6666616116
66666, 61 6666 666666616 66 dehere plutei que de 66161666(
6616666 6 1161661666 (16 666 riuis. Β66666166 6616 6666 6166116
66666166 6166661116666 666 1116666616 1666166666 6 (166 6666666

1. (1611151653.

 

