318 110111 DE Bussunlon 111Νὸ LA nunnlssnncu

deunce, 01011 11000110 1100000110 110 1’011001101100 11000 100 00100000
1111γο111000, 110 0111001101111100110 10 necessit& 110 10000111 aux
textos 11001 000001110 10 0000 1100 1101110100. 11 0’001 1100 11001001
quc 10010111001101 0011001 si 00100101 Ρ11010001100101101100 00000
00 001001 1000000. Fons-ii 110010010 01100301 1011010 110 Ρο11000 01
1010101011011001000 sois 0130111001 1100001100 00 10 01011 pus:
0 ,1010011111οἰ 100 0111111000 110 100100 100 0011000 01110 100100100
000100 01 1111001110 1’0010011001001 10 jour dc Ρ111000 0110 ceie-
111001010101100 11010, 00 quiesi bien 01 1100010110. Si l'on fait
un 011003001001, 100 001100 0111011000 101000101111101’000011101; 10
confusion 1101110 : 11011111100 0111011000, 100 000 1011001001, 00
meme 1010110 quc les 001100 00 1111010010 100100 100 joics 110
Ρ1111000. 1100 1100111100 qui nc 0001 1100 1000 0011101111000, 100101101
1000 sont 1111110100 (10111110 110 Christ 1001 seigneur, 001011101001
11111000 zi 1100 10010 (1111010010 ¹. n 1100001100 1001011011 00 qui 001
011110 : 11131100 31001100 n’apus 10010 001110 10 reformo 31030-
1101100. 11000100111101 des 0110011101, 01 1101 00110 10 11101100 110
Ρ111000 001 0110010 011 1010111 110 000 10010. Lu conclusion 1101100-
001100, 0101 1100011011 ne 1001 11011 01100301 : 31100 u 00 1010111,
100 0111011000 0101300111 1001Ρ111100 110 00110 1100 10110. G'est 000
consideration 1101 doit 11110101100100 100 001100. 101 1011011111
111010010 110 moyen 1130 0011010001011101100.

1300110 101110 &Paul 11 estune 11101000 01000 1101000110. Bes·
001100 01010 0110010010 quelques-uns 110 000 ouvrages de 11100-
10310 0010110000 000010 pontificat 111103110οΝ. 11 100 1111110110
110110 011 101 110111011110111 1’001011001100 110100110111101. 110110 101110
contient un tres-grand 11030 1111030110 1110111111 0001100001)
0110 critique 11001 Puni 11, 1001310100 0101111100 110 1000030 qu'il
lui 1110111300. Βο0001100 101 11110 000 10111011001 11011 100 publio
0010000111111010, 0011111 000 desii. 11010 1110010 11011 01101011110
101011011011001 11 0110 sorio 1100000010 1011 1130010000 01110 con·
3111301100 110 1101101, 010111 00110 qui 10110301101010001 1001110110
1101 Ρο01 lv 011 1559. Ello 10001100001111110 0100 beaucoup de
00101111 des 00110 01101100, 01 1110011111 10111010 10111011100 110 000
11300010. Βο0001100 00 11001011 100 0101111110 ; 110011’001011001100
0011101100;01001000 101110 110 theologie 00011101100001001101
0000 ².

Βο0001101111’001011 1100 000 (1011101000 meme Paul 11 000 101110

1. 111300, 1. 6111001. 1117, 618. ·
1. 110110 101110 u Paulli so 110010 dnus 1111300, 1. 0100,οο1. 319.

 

