CHAPITRE 111

1’0Lr'3o110UE RELIGIEUSE DE BESSARION AVEC LES GRECS
(11361156)

6655611666661666116 (1666161565 66161561165666666 cardinal
661661116665661 66 6616 (16 6666 1116166 qu’ils avaient 513666
1111616666. 11 561161661166 166166 temps de 1651616616 511116
1611616 (16 16 666116161561611316656. Ne 6661661 6165 161161· 6166
eux de son eloquente 661616,11661616611666116 eux do 1663665
66161616665 6116161611 11616116656166111 16615 661115. 66 66116
666666 (1616111 en 61161 presque tous ceux (165 ouvrages 166616-
316665 (16 Β65561166 661 56616111165 jusqu'ir 6665. 11 s'y 666666
5611661 (16 16 grande question (16 16 6166655166 (16 Saint-Esprit.
Τ66161 1116611563666 66161 (16 166 (1636611666 61 procede 661
syllogismos 1136616611. Τ66161, 66 666116116, 11 5611116 6 666
166366 61 16166116656 61163656 6661616616116161116 (16 16 solu-
tion 1666166111616166. Τ665 665 661115 56 16661661 61 66 666-
1661 61656616166616665 6661661111616161. 61615 115 1666136661
(1616 61616666 eruditiori (16 Β65561166 615611661 (16116 6661116
1611 611566 66 6616116616 516616 : je 1661( 661161 (16 166611616 ri

1161161 66 sujet 561611 165 163165 61661165 (16 16 (16166651161166
5611631511666, ri 11556166 6666165 6616611666 (1613666615 1116-
515116165, 6 6616661166161561166665165 16611165 (1666 (11616611666
561166 61 1661616616. 165 66661615 (16 l'Union 66616166156 1616661
6116 (16 6161116116116 6616616665 61166665. Β65561166, 5661 666116

1665, 561115611 ri 66161 1665 165 66665.

, 11 651 assez (111116116665513661 666 (1616 6166156 ola composition
(16 665 (1111616615 611116365; 11 6651166166 665 61666616 666 1665
ceux qu'il 6611111 (1665 66116 periodo soient arrives jusqu'ir 6665.

 

