· 61161111 66 6155161611 sons 11111. n 189

Pa'ul 11, irrite (16 66116 1651516666 61 1161616166 a 1616116 665561,
56 611 a 1161161 5616166661 165 6611116661( 61111656615,165 1661-
6661661, 165 66661116611166116165 61 1166111661615 1661 1615661 de
5611665656666665.116 seul cardinal 161 1611611616 ; 66 161 1666
(16116161, 16 11611661( 16161 (16 11661116, 1116 de soixante-dix 665, ·
1161161656 de faire 11 566 age 66 qu'il n’avait jamnis 1611 plus
16166116 61166161 (16115 11661616116116 quel 66111. Β65561166
661611 66116 (1611 16 16166. 11 616111651516 1661166115 a 166165 165
6666665 616 166165165 66165565 du pontife. Ni 16 116116116, 61
1’161161(1611666’6161661 1111565111 lui. Β65561166,116166 des rar·
(11661111, 1611165166616116516165 61 qui avait (11611 (16 16161 16
premier, 61611165616 ri 16515161 jusqu'a 16116. Mais Paul 11 1’66-
116166 dans 56 chambre, 61, apres 61611 655616 1166 (16161616 1615
(16 16 56116116 par 565 1116665565,1116166 166165 165 1161165,161161
116166666116661111661116116 66161161 16 robe, 61 lui declara
qu'il 16 116111161611116 1666111666511 ne 56 1611661611 pas sur-le-
6116611616 66166161166 61611 56666116 66656116 (16 11611161.
11665 6611616116, qui semble 11166 d’nne 111666 (16 Μ611616 61 (161
erit 616 116165166511 ne 56 1111 611 (16 51 grands 16161615, Β6556-
11611 (161611 66665561166661 6116 16 plus saible. 11 61111656 56
5116616166166161166161 161111611 16 11661116, 6615 d'une 16616
116611166166166 1166155661116 661616 61 (16 116616. 11 66 61556

1161 16 56116 de 1666111661 566 611116511166 66 116111116, 61 11 56
161116 (11166 6661 eir 565 exemples 66161661 plus 561115, 611 56
16111 661611 plus 6666166. Paul 11 6111 66 1165616 1666616 a des
violences plns grandes 116111· 11661111· 111666616 1651516666 de ,
Β65561166. 11 61611 (1616161166 6611161111 1161 16115 165 merens,
66166 1161 16 6661161616 61 1661111566666661, 1611665166 66 ,
66165 apparente dn premier (16566111166611. Une 1615 66116 1116-

616656 signatura 66116156, 11 11661611 1615561 116116111116 (16116161
56 666111611611665 56 161166656, 16615 561116116 611116511166 ¹.
Ainsi Β65561166 616111116556611 (16 1616 1611616166 6161611
56616 a 16 66616161 1161 666 1611161116 1616161166 dans la (11166-
1166 supreme 16116566 a 11111156. Α 16 111666 d'une monarchia
61156166,11616111155611 une 61116161116 6166 666 6116116 66651116-
116666116. ,1161566161116 66 plan (1616161665 1661 6166616166,
11116 56116 (16 8616616. Les 16166665 11161165665 par Β65561166
6661661661 de 56661166. Α veniae, 16511615 inquisiteurs 11616161

1. Ρ6111661150661616616111, 1, 16312.

19

 

