919 1199191191( 9119919 1991111 91919119 ’399

1911999199 9911999119 11131199, 1999 199 (1991919 91911119 per 999
11199999999919.1)99 les 1119911919 1991999999 1991199991 1111199
promerion de 9919199111. Ρ91111199119191991 (1991 (19999 9919911
encore 19111 199999,191199 (19119 1191919 91 1191111991 1119119.
81111911199199199193199999199199111999 avec 19 meme eirenae ·
1199199111. Le cardinal de l‘avre regretre qu’on ’91191119 1111
pepe 9919119991 (1911 99 11991911 tenir. « Dans le 9991919111
11991911, 11999 99999199999,(111-11, que 19 9991919199119911991. »
Sixte 11191 99 91191 19119119 1191 excellence 119 9911999199.
11911999991111911911 19119 (1991199 chose 11991 19 9191911119, 9999
'peine 119 99199191 1191111 19 99999 99 19 9919119919. Β99991199,
1999199 1191991991 119 11991119,99191111991191991991999 9191111;
11 91911 919199 199991 1119119 99919191 999 familior, 19 99191991 119
pavie, 9 191199199999 19391199 (19 1091111191111999991181119119
9119991191 118991999919991 119 1911991999 991919, 9 99 19119
1919119 319119999 (19 999 1199119991. 11919 91 Β999911911 ’1111991911 9
1939111 119 sixte 1119 plus grande (1911119999, 11 99 1199191199111191
(1911191911191119 protege. 811191199 s’en' 9991199911 1199 11911 :
1191911 (19 9991( 9 (191 19 19999991999999 11999 91 qui 119 991991
11999911119119199111991911. 11 9991911119 9991191 1199991199 9999
99 1119191119 119991991911 19 11111 ’99 9191 quand 19 grand 99191991
999991119 9911911999 11199191 (19 999 1191911119 (19 Loris xl
pour l’engager (199919 91919999. Le pepe fit semblent (191111199-
191 1911 certe 11199, 91 11911111 9 1199991199 19 19191199 119 1119999
comme un 1199191111999991 etde (1919999991 1991 9 191919.
Β99991199, 1191199199111999199199,Β99991199,(191 99 9919111199
19919999991999119199919991 91 19111991 (19 noble 91 bel 9191111119,
1111 (1999111 999911 parces 19999, 91, 9999 99 1119999991 encore
9999199991, 11 99 9991191199-(11911999 9 1199911191. 1199 1919-

19999919191119119 99191991 de Pavi‘e 9999199199 9991991 (19 ’

'cette situation ε 9 1111991 919 19191199 (19 1119999, 9119 99 19911911
d'y faire quelque bien, 99 919199 1199, Pero exc‘ellent; 9911919
'aree rourege 99 (199 19 119 991919999911119 91 19119, 91 la
(99919199 99919, 91 19 19939991 (19 19 19919 99 19111919. 11199 19
1199919 99 aide en 19919 9999999919 ..... ’19 1919 9 (1991199
9111991199 9911999119 19 republiqrre 9919119999 ..... 1111 999999
19919991919,19119111919119(11199191191191911, 19 991919919911111199
1991919919 99991991 qui 91991 19 premier 999 9119 (1999 999

1. 1911199919, Epist. 111.

 

